1 6020488 2496385 Kumpula_(A.I._Virtasen_aukio)
2 6020397 2496554 Kumpula_(Kustaa_Vaasan_tie)
3 6018741 2495990 Sörnäinen
4 6017872 2495219 Hakaniemi
5 6017348 2494914 Kaisaniemi
6 6017071 2494273 Rautatientori
7 6017035 2493778 Lasipalatsi
8 6018228 2492657 Ooppera
9 6018642 2494121 Linnanmäki
10 6018767 2491892 Kansaneläkelaitos_(Nordenskjöldinkatu)
11 6019250 2493012 Eläintarha
12 6017975 2492221 Töölöntori
13 6018650 2494776 Brahen_kenttä_(Helsinginkatu)
14 6015806 2494172 Eiran_sairaala
15 6016901 2495012 Senaatintori
16 6015949 2495471 Kaivopuisto
17 6016729 2495173 Kauppatori
18 6016911 2493200 Kamppi
19 6016271 2491385 Ruoholahti
20 6018831 2497647 Kalasatama
21 6018642 2499894 Kulosaari
22 6018217 2499317 Mustikkamaa
23 6018011 2498351 Korkeasaari
24 6020854 2494421 Koskelantie
25 6019791 2494940 Mäkelänrinne
26 6021677 2495390 Pohjolanaukio
